 22.5 26.0 60.0 39.7 28.5 72.9 90.5 67.1 71.5 42.7  5.9 87.8 44.5 21.0 51.4  2.0 23.0 34.5 59.4 78.6 77.3 28.6 57.4 76.0 32.7 36.6 53.1 85.0  7.9 60.5 18.5 78.7 61.3 12.3  6.7 95.2 13.3 77.5 78.9 78.9
 16.9 47.2 55.4 84.3  0.6 85.6 21.5 14.9 83.0 30.2 26.6  6.0 26.1 94.1 78.0 83.9 32.1 10.8 93.8 93.2 44.4  0.4 53.5 70.6 63.4 20.3 66.6 31.6  5.7 10.9 87.3 19.6 30.8 33.0 49.6 46.5 46.1 50.7 23.6 23.6
 66.0 84.2 12.4 26.9 79.8 63.6 64.9 51.4 39.0  4.7 64.7 69.2 33.2 99.6 45.1  4.3 71.4 63.8 39.5 85.6 89.0 24.3 30.3 79.7 91.1 81.1 87.6 98.4 85.6 95.7 38.1  3.8 20.0 55.3 61.0 37.7 76.2 45.2 62.9 62.9
 31.3 16.0 22.3 87.6 93.7 21.3 16.2 46.9 53.5 75.6  4.9 12.8 10.7 73.6 63.7 91.7 64.2  0.4 82.2 74.3 27.9 38.3 68.9 90.0 48.7 78.0 48.9 68.4 67.4 16.8 84.3 42.9 48.9 10.1 11.5 64.0 48.9  8.8 20.9 20.9
 57.1 86.5 75.5 22.7  8.8 96.1  0.9 21.6  2.2 63.2 35.3 80.2 68.6 99.5 42.8 45.4 77.7  8.2 57.5  9.0 69.6 13.0 33.8 82.7  9.9  7.1 41.0 99.7 75.6 90.0 79.8 59.0 38.2 86.4  5.6  9.3  4.3 19.6 45.1 45.1
 72.2 11.4 52.9 18.0 98.6 20.0 74.1 94.0 34.5 13.7 76.4 27.8 36.9 32.1 17.8 14.0 98.8  8.9 42.4 24.8 52.8 88.2 58.6 36.1 74.6 22.6 92.6 47.6 89.4 53.6 45.6 42.7 27.7 64.2 96.1 14.8 91.2 81.7 76.5 76.5
 49.3 30.7 83.5 74.7 76.7 36.1  5.3 49.3 33.8 24.8 55.6 60.5 73.1 25.6 24.3 95.8 51.1 42.0 65.6  2.1 94.9 91.6 88.5 38.8 35.5 42.0 71.0 36.7 75.6 17.8100.0 63.6  7.8 43.2 14.1 37.0 67.5 10.3 34.2 34.2
 83.1  2.2 82.2 32.5  5.6 75.9 33.6 92.0 73.9  7.3 51.7 14.6100.0 90.6 44.6 17.0  7.4 86.9 72.5 90.2 74.7 13.1 17.4 97.2 97.6 18.2 64.4 39.9 25.9 79.2  0.8 91.7 43.9 97.7 47.4 92.2 64.8 62.9 70.8 70.8
 19.8  2.8 86.3 30.9  8.7 31.0 80.3 41.6 30.2 39.2 82.3 33.8 25.5 77.8 85.8 53.6 12.8 98.2 44.5 14.2 24.2 69.1  9.1 69.8 62.8 25.7 27.9  9.0 76.7  2.7 92.8 28.8 76.9  8.2 80.0 60.5 87.2 39.4  4.8  4.8
 43.0 41.4 39.7 73.5 42.3 58.6 90.4  2.6 57.2 81.3 49.3 38.6 71.9  5.7 18.7  1.1 26.6 75.2 59.4  2.6 61.2 50.3 19.2 32.4 76.9 44.9  8.5 51.3  2.8  5.2 12.3 31.0 38.2 88.9 29.6 80.2 96.3 89.8 91.8 91.8
 52.9 75.6 10.8 54.7 78.7 70.1 89.0  6.3 94.5 78.9 19.9 10.5 58.3 86.7 89.0  0.9 44.6 69.9 84.1 36.6 77.6 93.4 53.5 52.4 21.0 70.7 90.6 20.3 75.8 51.6 19.4  3.4 58.2 12.8 55.9 69.6 35.6  8.5 17.9 17.9
 96.6 20.0 58.7 31.2 77.6 42.1  5.8 80.8 52.2 16.5 12.5 76.8 83.9 39.0 18.2 43.9 19.1 34.0 93.5 81.7 33.7 22.5  8.1  9.8 69.3 27.1 73.0  9.4 34.3 58.0 18.2 49.4 26.1 96.6 83.7 67.8 52.9 49.9 83.1 83.1
 92.9 63.3 74.2 58.2 63.1 91.9 45.2 58.8 19.6 34.8 24.2 21.2 69.6 16.9 27.9 40.0 46.5 86.3 34.1 26.9 37.9 14.8 54.0 67.3 20.2 85.3 51.7  6.6 13.4 18.5 47.7 48.5 34.6 80.2 17.5 24.5 83.1 40.0 15.6 15.6
 61.3 95.0  1.1 67.4 18.3 67.3 46.0 46.3 17.8 13.2  2.2 23.3 12.7 38.6 15.7 57.9 32.2 94.5 85.6 69.2 23.9 98.1 17.7 87.2 58.1 72.7 96.7 31.1 43.8 43.1 67.8 75.1 47.9 48.6 97.0 10.7 28.3 20.7 54.6 54.6
 87.3 90.6 14.3 70.9 33.4 18.4 37.7 13.1 36.8 54.4 51.1 14.1 32.1 44.1 61.2 66.6 73.8 75.8 82.5 98.9 97.5 48.0 57.7 25.7 74.0 28.7  6.3  0.3 27.8 12.2 35.0 88.7 54.1 43.8  2.7  7.1 85.1 64.8 43.3 43.3
 34.0  9.6 28.1 90.9 28.3 46.8 55.7 89.3 72.0 13.5 10.6 72.0 73.5 33.6 59.7 49.3 58.4 13.3 18.1 64.1 60.5 62.7 54.2 37.4 60.9 96.3 56.3 86.2 68.4 87.0  9.3 56.2 44.5 82.9 29.0 89.6 30.9 36.7 43.1 43.1
 54.8 94.6 14.4 85.9 35.4 53.4 99.9 79.1 79.1 99.9 78.7  6.3  0.4 65.8 50.8 94.4 71.3 56.7 80.1 42.8  5.4 67.4 97.7 74.9 83.3 74.2 11.1 70.2  6.9 24.0 84.6 94.5 21.2 89.9 45.6 16.8 30.4 30.2 16.6 16.6
 35.3  2.8  9.6 15.2 43.3 84.3 96.5 95.5 53.9  7.0 91.3 16.1 76.4 14.8 27.9 74.7 69.5 36.0 29.1 16.5  3.8 98.9 92.5 39.2 59.1 42.6 75.1 92.3 35.3 44.2 67.3 17.7 26.0 98.5 65.3 13.8 17.1 40.0  3.7  3.7
  0.6 66.5 92.2  7.1 88.5 34.0 38.4 41.8 29.1 22.2 10.0  4.0 54.3 39.9 10.7 11.3 79.5 65.7 26.4 74.8 80.0 43.0 78.2 77.2 79.4  8.9 60.9 37.8 33.3 84.7  5.7 97.5 40.3  1.7 38.9 30.5 32.0 20.9 27.7 27.7
 40.3 51.5 32.4 43.3 26.2 98.4 89.4 56.1 51.6 93.0 14.1 23.9 88.2 96.2 10.4 12.5 78.3 92.1 28.8 80.5 97.1 81.7 58.6 30.2  7.3 91.4 21.6 21.8 68.8 55.4 82.2 32.2 28.5 98.3 52.0 37.0 88.4 62.4 53.1 53.1
 26.6 90.1  1.9 18.9 67.2 16.4 90.8  4.9 18.5 73.9 19.5  7.0 43.9 39.5 45.1 91.0 40.9 30.7 39.8 18.8 82.2 65.4 38.7 77.0 28.8 53.2 58.3 36.9 33.3 32.5 68.0 88.0 32.5 38.9  1.5 57.5 54.4 34.3 83.8 83.8
  7.8 24.8 30.6 37.1 77.0 68.4 31.4  1.7 15.2 62.4 36.5 61.3 69.9  9.2 99.5 17.3 30.3 41.2  5.3 70.0  1.2 58.6 22.9 86.4  7.0 76.5 93.0 90.8 41.0 44.9 24.5 50.1 29.3 70.6 74.2 25.3 10.0 96.9 76.5 76.5
 65.5 34.7 24.4  9.3 47.6 29.1 64.7 20.8 41.0 69.5 91.3 89.2 57.2 77.8 50.5 22.3 97.8 99.9  9.8 12.0 33.3 81.0 60.2 92.3 62.1 54.2 70.6 43.1 60.3 26.4 36.9 86.1 35.5 32.1 14.8 31.4 49.4 71.3 26.5 26.5
 59.0 51.8 96.3 48.9 58.3 36.6 36.7 80.3 30.2  3.0 20.6 47.2 26.3 82.2  7.2 62.3  4.0 69.3 22.9 74.1 78.1 98.7 51.5 59.5  8.7 57.0 95.8 20.0 33.3 19.4 73.4 68.5 90.1 94.0 82.7 21.5 77.3 61.2 29.9 29.9
  4.1 81.3 49.0 50.9 75.9  7.0 66.6 33.0 41.1 82.7 14.3 76.9  3.1 37.7 55.3 13.5 29.1 99.9 72.2 80.7 57.8 35.6 52.0 21.4 33.1 54.4 84.8 70.1 99.7  0.3 38.8 32.5 71.6 32.7 70.7 23.0 65.5 14.0 16.0 16.0
 25.7 66.7 57.6 61.3 78.7 28.6 91.7 14.8 86.3 75.8 31.2  3.4 39.1 35.0 71.8 38.9 63.0 69.9 24.3 35.2 65.4 65.7  3.7 19.3 25.7 20.6 61.7 67.9 48.6 14.4 54.1 57.0 33.8 68.7 97.6 30.7 82.3 39.2 35.9 35.9
 53.2  7.6 84.9 43.1 16.3 94.2 89.1 66.9 11.4 85.3 86.8 91.6  1.1 62.5 21.9 66.5 80.3 54.8 49.2 29.8 36.8  7.6 77.1 50.6  1.3 52.4 31.5 71.3 67.0 65.7 54.8 96.6 31.5 49.3 24.5 60.3 27.3 81.9 84.1 84.1
 43.7 94.2 70.5 67.0 87.4 55.2 86.7  9.8 94.1 63.1 86.0 81.4 90.0 98.2 79.9 42.8 84.8 62.3 24.8 74.7 97.2  8.4 34.5 77.5 19.9 95.8 28.9 77.4 42.2 55.8  2.8 15.1 42.3 53.7  5.4 40.5 41.7 64.4  1.0  1.0
 45.4 92.4 83.6 12.7 12.4 13.4 44.3 30.8 96.5 16.2 13.2 75.8 47.7 29.9 43.7 88.1 23.5  5.2 29.1 90.7 94.7 88.8 42.7 19.1 43.1 70.9 14.0 70.4 25.8 57.8 40.4 97.7 45.3 50.9 74.6 11.1 66.7 94.8 77.1 77.1
 29.5 33.7 26.7 33.8  5.7 46.5 34.1 42.8 83.4 95.7 10.2 18.6 21.8 21.7 21.0 85.1 82.6 65.5 56.7 96.2 69.9 37.5 70.3 44.0 71.1 97.5 84.1 35.3 28.4 44.7 60.1  1.4 49.6 59.6 64.0 67.6 84.3 53.5 64.9 64.9
