 11.1 93.0 15.6 74.8 97.0  0.1 18.4 55.9 73.6 63.3 54.5 71.0 22.1 52.5 86.0 96.2 11.5 59.1 58.9 73.3 23.7 92.4 51.2 52.2 40.0
 20.5 58.3 43.8 83.5 21.2 71.9 40.9  0.2  1.6 38.0 54.4 64.3 39.5  9.3 62.2 27.9 94.8 41.2 28.9 95.5 41.3 87.2 20.7 85.6 23.0
 76.8 76.3  0.8 17.2 38.1 91.8 83.4  5.7  2.9 89.9 27.0 58.6 45.2  8.0 61.3 79.2  4.4 21.2 88.9 66.7 48.1 38.5 81.0 16.1 74.9
  1.3 81.3 53.3 33.2 79.5 97.8 86.0 73.3 61.5 97.8 21.5 50.9 20.5 89.1 97.8 37.1 48.2 21.7 68.0 34.0  6.2 76.4 40.8  3.4 64.5
 52.7 62.4 81.1 37.6  9.5 92.7 64.5 65.8 99.8 51.2 85.7 31.5  3.3 14.7 93.8 82.9 77.2 73.3 52.4 65.6  0.2  5.1 57.6 64.3 75.9
 93.3 84.9 27.8 72.5 53.9 61.2 30.1  8.7 27.0 96.3 52.8 84.8 11.0 50.9 99.1 76.5 87.7 88.8 27.9 34.6 20.6 25.1 39.3 60.0 11.0
 78.5 11.0 58.3 43.3 74.1 89.7 13.7 91.1 60.6 38.0 26.6 23.8 96.4 92.3 91.7 56.7 88.0  2.7 69.0 30.3 69.0 74.0 23.7 31.4  1.4
 94.6 43.2 58.5 63.3  2.1  5.4 72.4 89.4 44.1 96.8 88.2 13.8 36.8 55.5 43.5 26.0 48.2 60.7 81.9 51.2 14.7 76.4 24.5 33.6 91.9
 79.5 33.9  4.2 76.1 83.9 16.3 83.2 68.9 60.8 27.9 44.1 50.9 97.9 23.5 98.7 37.1  2.3 21.4 29.0 76.8 66.9 34.7 46.4 14.5 61.7
 27.1 77.9 31.5 55.0 18.4 91.0 84.0 58.8  7.5 88.6 25.9 88.2  2.7  5.3 31.0 11.1 14.2 71.2 69.1 52.0 52.1 57.9 54.7 48.3 63.3
 25.4 54.4 45.9 66.3 64.4 15.1 35.6 62.5 21.3 33.8 85.3 69.8 76.9 66.0 47.5 68.7 46.7 12.7 12.0 54.6 66.2  3.7 47.4 45.7 33.3
 34.3 19.5 33.1 57.2 14.0 43.6 32.1 21.3 69.2 43.1 53.2 58.6 35.9 54.8 83.8 46.7 72.9 71.9 62.9 93.9 41.1 75.5 99.5  0.8  7.2
 89.1 98.2 31.9 69.0 67.8 25.4 34.1 15.0 45.8 60.3 96.7 47.6 66.4 92.9 26.6 91.0 84.5 57.7 70.5 44.7 93.3 83.3 38.3 17.3 20.9
 23.2 90.4 47.8 64.8 96.5 75.4 57.8  3.7 97.8 38.7 50.3 63.9 42.8 48.5 98.1  8.6 46.2 81.7 39.8  3.4 90.2 23.9 91.7 28.6 21.3
 28.2 97.3 40.3 57.3 45.4 28.7 47.0 35.6 12.5 96.4 49.7  1.4 63.5 55.9 65.6 89.9  3.9 77.5 76.5 90.0 27.0 77.6 67.1 14.5 37.6
 50.5 29.0 11.4 71.0 22.3 18.3  6.1 97.8 78.0 25.1 25.5 22.5  9.1  9.8 49.3 60.5 66.5 30.6 50.6 96.7 26.4 29.8 80.6 79.9 10.2
  2.1 84.4 45.4 98.7 89.4 16.9 78.9 70.4 43.0 34.3 88.1 42.2 16.7  1.7 41.8 41.1  8.4  1.7 63.9 82.6 89.1 72.2 22.9 16.2 82.0
 52.1 72.0 81.3 67.5 90.2 41.2 21.2  3.8 64.7 45.4 97.9 48.6 34.5  3.2 60.3 71.8 87.9 79.9 32.1 52.6 32.4 33.5 52.6  1.8 17.4
 63.0  5.4  0.3 43.3 88.6 13.2  0.2 51.2 97.2 41.7 70.0 62.3 78.6 19.0 60.3 78.8 56.8  6.9 72.5 31.7 69.9 13.8 84.7 10.7 73.9
 21.5 28.5 70.5 69.6 63.1 24.9 33.3 30.8 74.0 95.7 26.0 47.0 24.8 85.4 68.1 34.8 58.2 28.6  3.3 45.9 59.3 88.8 63.6 30.8 75.5
 53.7 83.6 18.1  2.7 53.0 11.6 94.6 10.7 83.6 69.9 46.7 13.8 53.6  1.4 27.4 70.3 81.0 26.4 44.4 26.2 75.6 73.4 52.5 38.6  4.3
 73.3 72.1 99.6 58.5  9.3 69.3 63.3 53.4 23.7  6.3 47.3 49.2  6.9 40.6 12.6 65.6 97.7 79.6 50.2 13.2 49.2 69.5 48.1 97.1 57.6
 11.4  3.1 95.3 71.5  0.9 40.3 98.1  2.3 35.2  5.4 40.9 21.9 41.6 73.8 26.4 74.5 99.8 71.8 34.3 65.6 57.9 95.0 43.7 88.1 48.5
 37.6 19.8 82.2  1.8 48.1 22.5 58.3  9.3 55.3  7.2 46.7 36.2 99.3 60.3 36.6 80.8 32.8 12.7 37.7 14.5 81.5 56.1 58.9 38.5 51.0
  2.3 54.7  2.6 91.8 40.6  0.2  7.0 46.4 52.1 59.7 73.9  2.0 70.5  4.9 97.9 25.3 60.0 50.3 15.5 83.7  6.4 68.7 65.6 18.7 78.6
