 38.5 85.8 57.3 13.5 33.1 91.2 36.8 86.4 50.2 46.7  5.5  5.3 66.9 75.5 10.5
 30.4 60.0 78.5 66.2 47.3 91.9 77.1 56.4 55.9 82.6 14.4 67.1 86.0 35.2 49.6
 90.2 24.8 36.1 45.6 86.1 25.1 12.1 49.6 49.7 52.8 66.1 56.8 68.8 91.0 19.2
 10.1 79.3 87.1 89.0  3.2 71.4 90.4 62.4 29.3 27.8 10.6 16.0  9.7 22.3  1.3
 14.3  5.7 37.4 66.6 37.8 93.3 61.7  9.9 95.6 15.2 24.0 44.6 69.9 41.1 44.8
 81.9 40.6 82.7 44.4 61.1 98.5 69.1 97.8 35.1 42.9 94.9 37.8  8.2 94.3 82.9
  9.6  6.8 76.7 54.7 84.2  6.6 87.8  8.3 11.4  3.1 48.4 80.3 59.0 14.4 60.3
 15.6 29.1 58.8 50.1 37.2 25.7  4.5 65.3  4.1 14.4 23.7 80.8 15.1 91.3 29.9
 84.3 15.5  4.2 45.9 47.9 61.0 29.0  7.8 65.5 70.7 84.0 38.1  6.8 11.5 99.8
 54.2  0.2  6.4 40.0 31.8 79.5 76.0 37.6 36.2 63.1 92.1 13.8 48.6 80.4 38.4
