 90.4 37.4 73.2 57.4 61.3 46.4 83.4 34.5 76.0 59.4
 93.0 95.1 11.0 69.8 92.3 80.1 32.7 17.7 56.7 74.9
 17.8 79.7 83.2 66.1 28.2 82.9 64.8 38.5 13.4  8.8
 44.5  2.6 51.3 58.8 99.2 43.7 19.9 35.5 89.9  5.4
 41.8 60.6 98.9 26.2 85.9 27.3 64.3 69.1 83.3 17.3
 56.0 96.3 14.7  5.8  6.8 23.3 54.3 13.7 96.4 36.7
 17.0 70.2 44.0  1.4 60.8 35.6 93.0 82.0 16.0  3.1
 30.5 33.6  2.7 84.4 84.6 35.4 33.9 10.9 91.9 51.6
 10.2 78.2 98.1 78.3 38.9 57.3 48.9 72.3 60.8  5.9
 15.9 82.9 59.6 10.5 52.8 87.7 74.7 77.4 92.3 96.5
